7.541708504462815155e-01 7.748368918536799876e-01 7.541708504462816265e-01 7.645736984229639654e-01 7.541708504462816265e-01 7.329223249078061775e-01 7.298363224648624081e-01 7.165725583374729091e-01 7.159598412024819059e-01 7.287827869860604713e-01
8.337672462511840354e-01 8.145976206733475111e-01 8.081066995361096961e-01 7.849659085812410453e-01 7.869760678484661875e-01 7.748368918536799876e-01 7.660482874465447400e-01 7.593900881572780426e-01 7.541708504462815155e-01 7.647934982545632199e-01
8.337672462511840354e-01 8.525059285634829509e-01 8.081066995361096961e-01 8.242381647703416192e-01 8.184674648815306597e-01 8.015632177586554663e-01 7.777443575730398351e-01 7.799178439464776735e-01 7.816041547669804190e-01 7.907260291949511632e-01
9.064005572481173001e-01 8.145976206733475111e-01 8.337672462511840354e-01 8.431886441233565899e-01 8.337672462511840354e-01 8.145976206733475111e-01 8.118221522275983482e-01 7.999189837856869323e-01 8.167497977943982690e-01 8.240342211411476603e-01
8.337672462511840354e-01 8.525059285634829509e-01 8.586612859605474712e-01 8.617224767250696305e-01 8.337672462511840354e-01 8.274267189000775735e-01 8.228678593093584626e-01 8.290163970589674580e-01 8.337672462511840354e-01 8.401932931143518690e-01
9.064005572481173001e-01 8.525059285634829509e-01 8.828536611996119499e-01 8.617224767250696305e-01 8.635539824612290527e-01 8.525059285634830619e-01 8.337672462511840354e-01 8.290163970589674580e-01 8.421470271177882161e-01 8.560473947025251107e-01
9.064005572481173001e-01 8.887988708729854803e-01 8.828536611996119499e-01 8.976428585592355347e-01 9.064005572481174111e-01 8.887988708729854803e-01 8.760097311496878314e-01 8.571265907463945233e-01 8.668004374534354906e-01 8.792927272819576201e-01
9.064005572481173001e-01 9.236668812371164883e-01 9.064005572481174111e-01 8.976428585592355347e-01 8.923469842656580608e-01 8.887988708729854803e-01 8.862558073749726706e-01 8.843437106331694109e-01 8.828536611996119499e-01 8.869057933863460086e-01
1.036508692050639668e+00 9.897245357940341881e-01 9.736303813245109628e-01 9.654827035119846190e-01 9.473111736566536267e-01 9.350006411962349384e-01 9.261072207112578392e-01 9.279332636687577240e-01 9.217643727676774201e-01 9.240307445095468086e-01
1.095784841086489436e+00 1.081270493743512251e+00 1.056636953632924092e+00 1.059126090070692694e+00 1.036508692050639668e+00 1.031415252420184503e+00 1.010040270279249031e+00 1.001625458811161273e+00 9.950314078079399716e-01 1.000870053405233939e+00
